8.0 744 624 932 747 0.7295117378234863
8.0 612 583 790 671 0.5837616920471191
8.0 631 653 737 745 0.48569583892822266
12.0 641 71 1022 594 0.4808802604675293
8.0 698 704 846 767 0.42876899242401123
6.0 539 574 1021 762 0.36503028869628906
8.0 792 586 1021 682 0.12705135345458984
2.0 79 6 256 419 0.04228860139846802
6.0 551 631 998 767 0.03225839138031006
8.0 641 569 1009 763 0.03164340555667877
6.0 740 621 930 747 0.026635006070137024
12.0 167 33 1024 762 0.025806806981563568
8.0 767 585 1024 729 0.02449500560760498
12.0 257 66 1024 600 0.016821473836898804
8.0 718 589 970 768 0.015317648649215698
8.0 603 580 810 721 0.013031542301177979
8.0 630 638 743 722 0.012782543897628784
6.0 533 486 1024 750 0.010332494974136353
6.0 699 702 845 766 0.010104119777679443
8.0 614 567 788 651 0.009111270308494568
4.0 744 624 932 747 0.008044429123401642
2.0 10 9 247 468 0.007711905986070633
8.0 601 526 1024 768 0.007424056529998779
8.0 681 696 884 763 0.0073440298438072205
2.0 32 16 280 721 0.006557464599609375
4.0 631 653 737 745 0.005956590175628662
15.0 15 4 256 418 0.005918562412261963
6.0 2 12 251 728 0.005911588668823242
8.0 616 631 770 755 0.005818814039230347
8.0 621 595 789 706 0.005817979574203491
12.0 484 61 1024 739 0.005759477615356445
12.0 646 69 1021 399 0.005718037486076355
4.0 698 702 846 765 0.005661880597472191
8.0 564 647 746 755 0.005329454317688942
8.0 536 572 887 746 0.005151804536581039
8.0 732 607 966 706 0.004931744188070297
6.0 201 96 514 395 0.0045407116413116455
12.0 723 2 1023 117 0.004441011697053909
8.0 640 674 749 753 0.004422344267368317
6.0 603 580 810 721 0.004400230944156647
8.0 587 573 769 664 0.0043899379670619965
13.0 646 71 1023 594 0.004248619079589844
6.0 16 3 250 423 0.004223227500915527
8.0 850 601 1024 687 0.0041665732860565186
2.0 970 642 1024 765 0.003915388137102127
2.0 109 13 344 409 0.0038766860961914062
6.0 748 604 1022 759 0.003708740696310997
8.0 677 553 1024 767 0.0036326516419649124
8.0 556 631 994 767 0.0035896990448236465
6.0 669 589 990 767 0.0033221840858459473
8.0 621 580 845 682 0.0032197386026382446
8.0 637 582 765 661 0.003124075010418892
6.0 614 588 788 679 0.002909380942583084
8.0 893 607 1021 683 0.0027559222653508186
8.0 729 566 1017 706 0.002738283947110176
8.0 608 617 744 739 0.002699322998523712
6.0 631 654 737 744 0.0026962459087371826
6.0 646 71 1023 594 0.0026701390743255615
6.0 583 573 881 690 0.0025495458394289017
8.0 744 609 1023 756 0.0024430006742477417
6.0 681 696 884 763 0.0024333465844392776
4.0 612 583 789 671 0.0024052150547504425
6.0 616 631 770 755 0.002350248396396637
6.0 516 602 896 763 0.0022131185978651047
2.0 2 0 197 606 0.0021605566143989563
8.0 703 689 853 758 0.00215926393866539
2.0 72 48 248 545 0.002149756997823715
2.0 6 0 195 402 0.0020563043653964996
2.0 965 700 1023 768 0.0020157964900135994
8.0 612 650 720 737 0.00198266189545393
2.0 100 24 458 407 0.0019637346267700195
8.0 582 614 789 764 0.0019131414592266083
10.0 744 624 932 747 0.0018678465858101845
6.0 211 98 512 266 0.0018638558685779572
6.0 713 587 845 742 0.0018430771306157112
8.0 787 559 1023 629 0.0017688595689833164
5.0 646 71 1023 594 0.0017687827348709106
8.0 666 585 796 674 0.0017643570899963379
18.0 741 624 932 747 0.00174669548869133
6.0 2 0 198 605 0.00172731326892972
8.0 592 665 740 760 0.0017246082425117493
8.0 662 701 814 766 0.0016852319240570068
5.0 743 624 933 747 0.0016510114073753357
16.0 741 624 932 747 0.0016468111425638199
8.0 775 629 901 736 0.0016163848340511322
8.0 625 692 824 761 0.0015859482809901237
2.0 986 602 1024 764 0.00155698973685503
6.0 563 535 969 738 0.0015495331026613712
2.0 961 585 1024 768 0.001537795178592205
8.0 700 728 844 766 0.001524684950709343
8.0 976 582 1024 765 0.0014929622411727905
14.0 699 699 846 764 0.001482393592596054
2.0 640 72 1023 594 0.0014745304360985756
3.0 741 624 932 747 0.0014534452930092812
8.0 748 581 996 658 0.0014281254261732101
2.0 744 624 932 747 0.0013411929830908775
9.0 640 72 1023 594 0.0013379072770476341
13.0 174 52 1024 768 0.0013219541870057583
11.0 640 72 1023 594 0.0013170805759727955
6.0 88 9 262 414 0.001292472705245018
8.0 632 688 730 755 0.0012722625397145748
14.0 741 624 932 747 0.0012639211490750313
10.0 631 653 737 745 0.0012601204216480255
8.0 641 596 772 682 0.0012582703493535519
8.0 601 652 822 754 0.0012499988079071045
6.0 584 637 745 762 0.00122857466340065
3.0 640 72 1023 594 0.0011996179819107056
7.0 640 72 1023 594 0.0011954526416957378
13.0 744 624 932 747 0.0011949939653277397
6.0 614 553 1024 768 0.0011901911348104477
13.0 723 2 1023 117 0.001189383678138256
12.0 539 589 1022 761 0.00117453932762146
11.0 86 15 256 407 0.0011717826128005981
8.0 778 617 947 728 0.0011647120118141174
6.0 3 4 177 445 0.0011596782132983208
2.0 144 90 498 398 0.0011589587666094303
6.0 798 583 1022 725 0.0011557918041944504
1.0 740 621 930 747 0.0011357106268405914
12.0 235 73 840 734 0.0011351890861988068
8.0 646 71 1023 594 0.0011263266205787659
8.0 485 556 1002 741 0.0011103451251983643
19.0 741 624 932 747 0.0011070515029132366
8.0 867 607 1020 714 0.001099294051527977
8.0 741 657 928 759 0.0010977848432958126
19.0 640 72 1023 594 0.0010754908435046673
12.0 207 78 983 384 0.0010740594007074833
17.0 744 624 932 747 0.001073773019015789
8.0 782 537 1024 609 0.001070923637598753
17.0 640 72 1023 594 0.001062994822859764
8.0 641 576 825 664 0.001039973460137844
8.0 602 702 850 767 0.0010383054614067078
8.0 657 588 744 663 0.00102230254560709
5.0 631 653 737 745 0.0010094158351421356
6.0 582 614 789 764 0.0010043992660939693
