4.0 461 422 609 700 0.5183143615722656
4.0 791 593 900 766 0.46032285690307617
4.0 649 530 727 686 0.39997339248657227
6.0 199 474 958 765 0.2699068784713745
4.0 626 465 682 573 0.24997615814208984
6.0 445 434 645 730 0.19889616966247559
2.0 0 453 107 763 0.19292831420898438
4.0 603 449 651 560 0.19237619638442993
4.0 445 434 645 730 0.17991220951080322
4.0 451 391 549 536 0.17580938339233398
4.0 349 444 406 556 0.12998545169830322
1.0 30 64 91 256 0.12027382850646973
1.0 0 136 28 262 0.09317564964294434
18.0 554 0 587 49 0.06871649622917175
8.0 459 673 775 764 0.06759166717529297
2.0 0 270 103 762 0.06326842308044434
4.0 627 464 692 605 0.06227177381515503
18.0 431 0 464 51 0.05850660800933838
18.0 470 0 506 51 0.05477592349052429
2.0 0 435 154 765 0.050443410873413086
6.0 463 428 609 704 0.04687374830245972
18.0 512 0 545 51 0.04464694857597351
4.0 353 498 470 688 0.0429234653711319
4.0 292 417 779 726 0.04035431146621704
18.0 660 0 694 49 0.03689602017402649
1.0 25 122 80 260 0.03470802307128906
4.0 194 411 931 763 0.03421515226364136
18.0 740 0 775 45 0.032329559326171875
4.0 321 517 463 720 0.029380708932876587
4.0 607 457 664 574 0.029205650091171265
6.0 292 417 779 726 0.028798848390579224
2.0 0 352 73 761 0.028183244168758392
18.0 783 0 816 44 0.028023988008499146
18.0 698 0 734 49 0.027020037174224854
18.0 618 0 653 49 0.026932716369628906
1.0 9 101 81 266 0.026355944573879242
4.0 390 411 678 708 0.025999844074249268
4.0 339 444 417 628 0.025102853775024414
4.0 313 536 388 716 0.024480745196342468
18.0 390 0 424 52 0.02315428853034973
18.0 349 0 383 49 0.022716373205184937
4.0 773 583 879 761 0.02193242311477661
4.0 352 441 404 524 0.021713711321353912
4.0 597 445 670 564 0.020809471607208252
2.0 1 464 224 765 0.017651066184043884
9.0 148 295 230 448 0.016380026936531067
4.0 452 395 560 600 0.015694737434387207
2.0 0 270 238 766 0.015523359179496765
1.0 1 114 46 246 0.01372455433011055
1.0 13 136 49 256 0.012231811881065369
4.0 253 545 366 760 0.011829949915409088
1.0 22 134 64 258 0.011695995926856995
2.0 0 235 154 754 0.011674255132675171
4.0 278 533 376 733 0.01157836988568306
6.0 189 589 965 764 0.011452004313468933
4.0 604 445 651 503 0.01125761866569519
4.0 322 556 379 697 0.011150456964969635
4.0 440 391 583 693 0.010491441935300827
1.0 39 65 90 188 0.01028040423989296
18.0 536 0 563 48 0.010021217167377472
1.0 0 130 20 247 0.009894371032714844
1.0 1 147 38 276 0.0097803995013237
4.0 630 460 682 542 0.00965292751789093
6.0 262 632 921 767 0.00952070951461792
4.0 499 163 542 256 0.009492933750152588
4.0 334 447 402 585 0.0094432532787323
4.0 616 484 688 673 0.009369805455207825
4.0 354 448 416 581 0.009038876742124557
4.0 541 157 579 256 0.008915737271308899
4.0 804 625 917 766 0.008909761905670166
4.0 611 445 673 543 0.008837409317493439
8.0 300 655 854 764 0.008786674588918686
4.0 467 166 505 256 0.008449174463748932
4.0 532 428 694 667 0.008323103189468384
4.0 331 462 416 687 0.008179962635040283
4.0 484 166 524 256 0.008049637079238892
4.0 518 160 559 253 0.007977962493896484
4.0 637 463 696 573 0.00796264037489891
1.0 2 64 105 267 0.007802300155162811
4.0 236 510 464 745 0.007776215672492981
4.0 599 451 679 614 0.007775343954563141
1.0 0 148 18 274 0.007582366466522217
18.0 467 166 505 256 0.0074241794645786285
4.0 324 503 386 694 0.007183298468589783
4.0 349 536 468 756 0.006913542747497559
4.0 503 181 535 256 0.006839871406555176
4.0 631 476 713 677 0.006346374750137329
1.0 499 163 542 256 0.006251007318496704
1.0 518 160 559 253 0.006205558776855469
4.0 452 164 489 255 0.006147697567939758
18.0 543 1 575 46 0.0060587674379348755
4.0 669 533 736 683 0.006021168082952499
4.0 755 573 960 768 0.00600714236497879
4.0 522 180 553 257 0.005971401929855347
1.0 542 150 577 248 0.0059494748711586
18.0 498 0 532 49 0.00591307133436203
4.0 297 529 413 706 0.005899697542190552
18.0 541 157 579 256 0.005825981497764587
2.0 1 417 298 766 0.00569332018494606
18.0 452 164 489 255 0.005645729601383209
1.0 197 38 228 126 0.005631629377603531
18.0 493 0 522 48 0.005606308579444885
2.0 0 526 90 767 0.005590949207544327
6.0 259 362 935 754 0.005578972399234772
4.0 554 157 591 256 0.0054023005068302155
4.0 329 445 447 654 0.005337785929441452
1.0 578 154 610 256 0.0052391402423381805
18.0 518 160 559 253 0.005184173583984375
1.0 509 149 569 252 0.005148071795701981
1.0 215 35 236 123 0.005085708573460579
4.0 592 442 701 595 0.005049644038081169
1.0 1 132 63 272 0.0050209276378154755
18.0 484 166 524 256 0.004992764443159103
4.0 601 463 641 565 0.00499042309820652
1.0 195 37 219 124 0.004831748083233833
4.0 445 388 501 518 0.004823820665478706
4.0 482 153 566 260 0.004755862057209015
4.0 447 385 525 520 0.004754751920700073
18.0 499 163 542 256 0.0047375112771987915
4.0 509 149 569 252 0.004710331559181213
9.0 146 293 203 387 0.0046380385756492615
4.0 594 451 648 619 0.004567313939332962
4.0 605 453 647 525 0.004542555660009384
1.0 463 428 609 704 0.004518046975135803
4.0 445 139 622 265 0.0045058876276016235
1.0 18 82 70 254 0.00447314977645874
1.0 648 530 728 686 0.004454426467418671
1.0 556 151 592 247 0.004449069499969482
18.0 554 157 591 256 0.004422895610332489
18.0 573 0 611 50 0.004413597285747528
6.0 648 529 727 687 0.004331231117248535
4.0 605 446 649 484 0.004267517477273941
18.0 463 428 609 704 0.004229240119457245
4.0 158 477 684 765 0.004185285419225693
1.0 219 35 240 123 0.004175372421741486
4.0 334 439 404 538 0.004172554239630699
1.0 790 590 903 767 0.0040948763489723206
6.0 157 521 783 765 0.004079857841134071
4.0 482 178 512 253 0.004017965868115425
4.0 310 515 378 689 0.00401114858686924
18.0 648 529 727 687 0.003962427377700806
6.0 390 411 678 708 0.003927219659090042
1.0 201 131 227 224 0.0038933977484703064
18.0 447 0 480 49 0.0038910582661628723
1.0 2 77 59 245 0.0038720984011888504
18.0 789 593 902 767 0.0038538575172424316
4.0 582 444 655 582 0.0038484185934066772
4.0 595 551 651 640 0.0038464386016130447
18.0 462 160 497 250 0.0038382746279239655
4.0 660 0 695 49 0.0038027502596378326
18.0 509 149 569 252 0.003797858953475952
4.0 351 443 398 503 0.0037973038852214813
18.0 448 158 481 249 0.003768492490053177
1.0 30 151 76 253 0.0037202127277851105
1.0 49 67 99 253 0.00370652973651886
4.0 624 541 732 703 0.00370064377784729
4.0 609 452 727 631 0.0036543095484375954
4.0 474 160 534 259 0.003644518554210663
4.0 470 0 506 51 0.0036233533173799515
18.0 456 0 486 48 0.003590807318687439
4.0 494 177 524 254 0.0035885274410247803
6.0 346 507 473 713 0.003554508090019226
4.0 356 442 400 485 0.0034457016736268997
18.0 479 1 512 46 0.0034158043563365936
4.0 361 545 456 685 0.0033930130302906036
18.0 823 0 860 45 0.003386199474334717
1.0 29 62 81 205 0.00336243212223053
8.0 236 607 942 766 0.0033571571111679077
1.0 185 35 210 123 0.0033265333622694016
2.0 0 219 62 720 0.003307012841105461
1.0 209 128 242 223 0.003305124118924141
1.0 468 135 625 264 0.0032927095890045166
4.0 257 535 353 700 0.003282446414232254
4.0 651 562 726 666 0.0032688211649656296
4.0 632 482 680 550 0.0032687103375792503
1.0 484 166 524 256 0.003261556848883629
4.0 303 537 451 756 0.0032099001109600067
4.0 236 562 337 765 0.0031906701624393463
2.0 0 596 104 764 0.003169197589159012
4.0 189 675 259 767 0.003164193592965603
9.0 150 295 253 482 0.0031501706689596176
18.0 540 150 570 245 0.0031438060104846954
4.0 235 457 539 728 0.0031363405287265778
9.0 142 294 215 422 0.0031202612444758415
18.0 414 0 446 49 0.0030881166458129883
4.0 587 446 639 566 0.003086438402533531
4.0 474 179 505 252 0.003031037747859955
4.0 526 427 712 601 0.0030231960117816925
4.0 803 586 941 763 0.0030087539926171303
4.0 306 555 369 699 0.002953503280878067
4.0 577 151 610 247 0.0029533635824918747
4.0 877 714 963 766 0.0029476992785930634
1.0 482 153 566 260 0.002943485975265503
1.0 39 115 88 259 0.0029028095304965973
4.0 462 177 498 255 0.0029021091759204865
1.0 521 153 550 245 0.0028967857360839844
4.0 217 613 334 764 0.002895299345254898
9.0 150 292 238 551 0.0027796486392617226
4.0 530 148 590 253 0.0027794241905212402
4.0 439 447 855 732 0.0027217455208301544
18.0 597 1 639 51 0.002672569826245308
2.0 0 469 41 759 0.002659647725522518
4.0 297 563 385 761 0.002659320831298828
8.0 465 428 608 704 0.002636052668094635
4.0 509 177 541 254 0.0026020221412181854
18.0 365 0 400 47 0.002598339691758156
4.0 459 181 509 259 0.0025642067193984985
12.0 199 474 958 765 0.0025589261204004288
4.0 544 148 576 207 0.0025414135307073593
18.0 575 149 606 246 0.0024855583906173706
1.0 3 133 38 227 0.002474169246852398
1.0 10 50 135 257 0.002463139593601227
18.0 468 0 503 39 0.0024628126993775368
9.0 147 293 194 363 0.0024248510599136353
18.0 564 148 595 244 0.002419792115688324
1.0 584 154 617 256 0.0024091126397252083
1.0 588 150 620 239 0.0023894906044006348
1.0 534 154 586 259 0.0023670438677072525
1.0 0 176 28 267 0.0023295655846595764
4.0 448 183 493 260 0.0023240000009536743
4.0 365 441 420 555 0.0023228181526064873
18.0 581 6 617 76 0.002319842576980591
18.0 776 0 815 55 0.0022833701223134995
8.0 648 529 727 687 0.0022777318954467773
4.0 561 146 594 208 0.002261912450194359
9.0 763 300 869 617 0.0022572018206119537
4.0 555 0 587 48 0.002251848578453064
1.0 342 442 408 568 0.0022324025630950928
4.0 497 149 544 196 0.0022088829427957535
18.0 489 150 586 260 0.002199854701757431
10.0 463 428 609 704 0.0021779201924800873
4.0 402 645 482 753 0.002176249399781227
4.0 797 634 892 729 0.002173483371734619
18.0 518 2 553 56 0.002172287553548813
4.0 578 147 612 210 0.002164691686630249
4.0 322 593 443 766 0.002146465703845024
18.0 458 143 618 258 0.0021279053762555122
6.0 439 530 918 754 0.002126907929778099
18.0 502 177 531 255 0.002107330597937107
4.0 328 431 435 593 0.0020973756909370422
1.0 0 125 27 217 0.0020861178636550903
4.0 699 0 735 49 0.002079220488667488
4.0 639 470 710 605 0.0020765960216522217
4.0 193 631 286 768 0.002074889838695526
4.0 358 438 409 508 0.002072123810648918
18.0 474 188 506 258 0.0020663514733314514
18.0 475 152 505 243 0.0020660506561398506
4.0 600 497 663 649 0.0020508086308836937
4.0 484 149 522 193 0.0020501352846622467
4.0 472 501 601 696 0.002027168869972229
1.0 501 153 531 245 0.0020155636593699455
4.0 820 712 962 768 0.002013968303799629
1.0 188 35 235 129 0.0020057382062077522
8.0 791 590 900 766 0.0019941916689276695
1.0 509 151 542 244 0.001989249140024185
18.0 482 187 512 256 0.0019754404202103615
1.0 548 154 595 259 0.001968715339899063
1.0 176 32 203 123 0.0019651371985673904
18.0 474 160 534 259 0.0019583478569984436
4.0 285 507 395 693 0.0019499221816658974
6.0 439 447 855 732 0.001933543011546135
4.0 528 489 885 742 0.0019165808334946632
4.0 186 483 510 767 0.0019144713878631592
2.0 5 326 373 766 0.0019077220931649208
2.0 0 360 45 754 0.001902485266327858
1.0 232 0 989 283 0.0019014524295926094
4.0 492 177 548 260 0.0018969923257827759
1.0 528 151 559 244 0.0018966346979141235
1.0 321 136 358 256 0.001891138032078743
18.0 462 188 498 258 0.001884722150862217
4.0 486 144 593 207 0.0018842397257685661
2.0 461 422 609 700 0.0018833130598068237
18.0 482 162 512 249 0.0018732724711298943
1.0 213 1 229 28 0.0018640318885445595
11.0 477 293 582 447 0.0018502026796340942
11.0 187 300 292 455 0.0018497966229915619
4.0 446 189 481 257 0.0018473463132977486
1.0 299 133 333 259 0.001835934817790985
18.0 377 1 412 46 0.0018306076526641846
1.0 522 180 553 257 0.0018299790099263191
4.0 193 534 438 767 0.0018107956275343895
1.0 503 181 535 256 0.0018079839646816254
18.0 493 186 525 257 0.0017953813076019287
4.0 493 428 634 690 0.0017895381897687912
4.0 469 150 504 195 0.0017781564965844154
4.0 378 538 469 676 0.001770930364727974
18.0 528 152 558 243 0.0017702309414744377
4.0 336 455 396 556 0.0017700395546853542
2.0 182 224 251 261 0.0017694178968667984
1.0 157 22 231 130 0.001765337772667408
1.0 205 0 222 27 0.0017587803304195404
4.0 619 0 653 48 0.0017520943656563759
1.0 36 47 101 200 0.0017354786396026611
4.0 638 551 716 695 0.0017324984073638916
4.0 502 151 527 188 0.0017320672050118446
6.0 325 533 487 759 0.0017183851450681686
18.0 578 3 604 45 0.0016983319073915482
6.0 789 593 902 767 0.0016860626637935638
1.0 20 125 96 273 0.0016827397048473358
18.0 483 1 517 57 0.0016770698130130768
