5.0 303 544 380 638 0.7349109649658203
5.0 578 492 657 634 0.6051554679870605
5.0 545 489 650 633 0.007190220057964325
15.0 931 131 1024 285 0.0070594437420368195
5.0 592 488 679 634 0.005421116948127747
5.0 306 540 377 611 0.004829525947570801
15.0 956 128 1024 267 0.0036529600620269775
5.0 489 455 719 655 0.003270315006375313
15.0 916 167 1001 279 0.00293518602848053
15.0 923 195 970 251 0.002646644599735737
5.0 316 558 371 624 0.0024972595274448395
5.0 288 549 372 651 0.0024970360100269318
5.0 372 426 592 666 0.0024800878018140793
15.0 915 185 980 255 0.002441476099193096
5.0 315 544 408 638 0.0024037454277276993
5.0 581 494 656 579 0.002075381577014923
5.0 583 463 661 611 0.002058975398540497
5.0 558 461 667 626 0.0018765684217214584
15.0 912 149 1017 297 0.0017782319337129593
11.0 302 544 380 639 0.001695830374956131
4.0 302 544 380 639 0.0015156231820583344
1.0 303 543 380 639 0.0015102922916412354
9.0 302 544 380 639 0.0013636574149131775
15.0 948 132 1024 365 0.001342215109616518
17.0 303 544 380 638 0.001304500736296177
1.0 577 491 659 634 0.0012615760788321495
3.0 302 544 380 639 0.001237243413925171
3.0 578 489 660 633 0.0012308135628700256
11.0 577 490 657 634 0.0012023784220218658
5.0 372 290 593 679 0.0011989865452051163
14.0 302 544 380 639 0.0011989157646894455
2.0 576 492 658 636 0.0011953189969062805
2.0 302 544 380 639 0.0011666398495435715
18.0 302 544 380 639 0.0011626053601503372
15.0 302 544 380 639 0.001117553561925888
4.0 577 490 657 634 0.0011119781993329525
5.0 287 530 397 665 0.0010873675346374512
8.0 302 544 380 639 0.0010751914232969284
10.0 302 544 380 639 0.0010503120720386505
9.0 577 490 657 634 0.0010404344648122787
7.0 302 544 380 639 0.0010341741144657135
